a0=4.50096e-05
a1=-0.000669583
a2=0.0358607 
a3=-0.53596 
a4=4.97482
b0=0.000448987
b1=-0.00399509
b2=0.0745353
b3=-0.827868
b4=7.08559
f(x)=(a0+a1*x+a2*x*x+a3*x*x*x+a4*x*x*x*x)/(b0+b1*x+b2*x*x+b3*x*x*x+b4*x*x*x*x)

p[0:1]\
f(x) w l